A_sum=2295152.500000, ratio=0.329841
B_sum=2339420.000000, ratio=0.336202
C_sum=2323794.250000, ratio=0.333957
